7 0.2536057692307692 0.7463942307692307 0.0985576923076923 0.17668269230769232
14 0.7331730769230769 0.47596153846153844 0.109375 0.3016826923076923
7 0.6262019230769231 0.20673076923076922 0.10096153846153846 0.14423076923076922
14 0.9338942307692307 0.12860576923076922 0.09735576923076923 0.109375
5 0.4098557692307692 0.5612980769230769 0.03485576923076923 0.07091346153846154
11 0.5300480769230769 0.6430288461538461 0.026442307692307692 0.056490384615384616
5 0.6237980769230769 0.40024038461538464 0.03485576923076923 0.07091346153846154
6 0.5961538461538461 0.5372596153846154 0.039663461538461536 0.10096153846153846
5 0.6490384615384616 0.4206730769230769 0.03485576923076923 0.07091346153846154
5 0.65625 0.47115384615384615 0.03485576923076923 0.07091346153846154
11 0.5348557692307693 0.6875 0.026442307692307692 0.056490384615384616
11 0.546875 0.7427884615384616 0.026442307692307692 0.056490384615384616
11 0.5721153846153846 0.78125 0.028846153846153848 0.0625
5 0.421875 0.5612980769230769 0.03485576923076923 0.07091346153846154
5 0.4050480769230769 0.6274038461538461 0.03485576923076923 0.07091346153846154
4 0.3581730769230769 0.6069711538461539 0.057692307692307696 0.15625