7 0.12259615384615384 0.9375 0.09615384615384616 0.12259615384615384
7 0.6141826923076923 0.1622596153846154 0.10096153846153846 0.14423076923076922
6 0.546875 0.5564903846153846 0.039663461538461536 0.10096153846153846
11 0.4963942307692308 0.5528846153846154 0.039663461538461536 0.06971153846153846
7 0.23317307692307693 0.6862980769230769 0.1141826923076923 0.19230769230769232
11 0.5024038461538461 0.6201923076923077 0.039663461538461536 0.06971153846153846
14 0.7043269230769231 0.41466346153846156 0.06129807692307692 0.2620192307692308
14 0.9134615384615384 0.10096153846153846 0.057692307692307696 0.11538461538461539
12 0.4879807692307692 0.7247596153846154 0.057692307692307696 0.1045673076923077
11 0.43990384615384615 0.8425480769230769 0.03125 0.04807692307692308
5 0.5757211538461539 0.4387019230769231 0.030048076923076924 0.0625
5 0.5949519230769231 0.47475961538461536 0.030048076923076924 0.0625
4 0.4338942307692308 0.47115384615384615 0.0625 0.16706730769230768