14 0.3581730769230769 0.5817307692307693 0.1346153846153846 0.22235576923076922
9 0.43990384615384615 0.35096153846153844 0.14182692307692307 0.2091346153846154
4 0.48197115384615385 0.5552884615384616 0.0733173076923077 0.16826923076923078
11 0.23076923076923078 0.43149038461538464 0.03365384615384615 0.06009615384615385
11 0.2091346153846154 0.4483173076923077 0.03365384615384615 0.06009615384615385
11 0.20552884615384615 0.4951923076923077 0.03365384615384615 0.06009615384615385
11 0.17548076923076922 0.5264423076923077 0.03365384615384615 0.06009615384615385
11 0.234375 0.5853365384615384 0.03365384615384615 0.06009615384615385
11 0.19591346153846154 0.6033653846153846 0.03365384615384615 0.06009615384615385
11 0.16105769230769232 0.6105769230769231 0.03365384615384615 0.06009615384615385
11 0.140625 0.6706730769230769 0.03365384615384615 0.06009615384615385
11 0.18028846153846154 0.8040865384615384 0.03365384615384615 0.06009615384615385
11 0.15384615384615385 0.7223557692307693 0.03365384615384615 0.06009615384615385
11 0.14302884615384615 0.7752403846153846 0.03365384615384615 0.06009615384615385
11 0.15144230769230768 0.8401442307692307 0.03365384615384615 0.06009615384615385