4 0.5024038461538461 0.4855769230769231 0.06129807692307692 0.15745192307692307
7 0.3233173076923077 0.21634615384615385 0.078125 0.21394230769230768
5 0.4855769230769231 0.24519230769230768 0.030048076923076924 0.06610576923076923
11 0.1935096153846154 0.6442307692307693 0.04326923076923077 0.0829326923076923
11 0.24158653846153846 0.6009615384615384 0.04326923076923077 0.0829326923076923
11 0.21875 0.5180288461538461 0.04326923076923077 0.0829326923076923
11 0.30408653846153844 0.5649038461538461 0.04326923076923077 0.0829326923076923
11 0.3245192307692308 0.45913461538461536 0.04326923076923077 0.0829326923076923
11 0.30649038461538464 0.38341346153846156 0.04326923076923077 0.0829326923076923
11 0.3401442307692308 0.38100961538461536 0.04326923076923077 0.0829326923076923
5 0.46033653846153844 0.25961538461538464 0.030048076923076924 0.06610576923076923
5 0.4807692307692308 0.27524038461538464 0.030048076923076924 0.06610576923076923
5 0.3954326923076923 0.3942307692307692 0.030048076923076924 0.06610576923076923
5 0.3641826923076923 0.38822115384615385 0.030048076923076924 0.06610576923076923
5 0.38461538461538464 0.36658653846153844 0.030048076923076924 0.06610576923076923
5 0.33653846153846156 0.42788461538461536 0.030048076923076924 0.06610576923076923