4 0.41466346153846156 0.5492788461538461 0.06129807692307692 0.15745192307692307
7 0.21634615384615385 0.7920673076923077 0.09975961538461539 0.17668269230769232
14 0.7415865384615384 0.2980769230769231 0.07692307692307693 0.296875
11 0.4483173076923077 0.7608173076923077 0.04326923076923077 0.0829326923076923
7 0.6490384615384616 0.11057692307692307 0.10096153846153846 0.14423076923076922
7 0.3088942307692308 0.546875 0.09975961538461539 0.17668269230769232
11 0.4879807692307692 0.7331730769230769 0.04326923076923077 0.0829326923076923
11 0.44711538461538464 0.7211538461538461 0.04326923076923077 0.0829326923076923
11 0.43990384615384615 0.6646634615384616 0.04326923076923077 0.0829326923076923
11 0.4795673076923077 0.6706730769230769 0.04326923076923077 0.0829326923076923
11 0.5769230769230769 0.5697115384615384 0.04326923076923077 0.0829326923076923
5 0.5336538461538461 0.5 0.03125 0.078125
5 0.5769230769230769 0.48677884615384615 0.030048076923076924 0.0829326923076923
5 0.6117788461538461 0.49759615384615385 0.030048076923076924 0.0829326923076923
5 0.6514423076923077 0.3401442307692308 0.038461538461538464 0.06370192307692307
5 0.6466346153846154 0.27283653846153844 0.038461538461538464 0.06370192307692307
5 0.6766826923076923 0.21514423076923078 0.038461538461538464 0.06370192307692307
6 0.5985576923076923 0.40384615384615385 0.036057692307692304 0.08173076923076923