7 0.43509615384615385 0.3701923076923077 0.10096153846153846 0.14543269230769232
14 0.8016826923076923 0.23076923076923078 0.11298076923076923 0.29086538461538464
4 0.5372596153846154 0.4110576923076923 0.042067307692307696 0.16346153846153846
5 0.5757211538461539 0.5841346153846154 0.03365384615384615 0.08533653846153846
9 0.9026442307692307 0.09975961538461539 0.08173076923076923 0.1141826923076923
11 0.3581730769230769 0.5997596153846154 0.03365384615384615 0.06370192307692307
11 0.3918269230769231 0.5901442307692307 0.03365384615384615 0.06370192307692307
11 0.3713942307692308 0.6490384615384616 0.03365384615384615 0.06370192307692307
11 0.38100961538461536 0.7091346153846154 0.03365384615384615 0.06370192307692307
11 0.4338942307692308 0.7151442307692307 0.03365384615384615 0.06370192307692307
11 0.41225961538461536 0.7920673076923077 0.03365384615384615 0.06370192307692307
11 0.5048076923076923 0.6033653846153846 0.03365384615384615 0.06370192307692307
11 0.5300480769230769 0.6009615384615384 0.03365384615384615 0.06370192307692307
11 0.5252403846153846 0.5504807692307693 0.03365384615384615 0.06370192307692307