7 0.515625 0.2776442307692308 0.10096153846153846 0.14543269230769232
14 0.8641826923076923 0.15625 0.11298076923076923 0.29086538461538464
4 0.30649038461538464 0.6129807692307693 0.042067307692307696 0.16346153846153846
5 0.6117788461538461 0.3473557692307692 0.03245192307692308 0.06490384615384616
11 0.41586538461538464 0.6995192307692307 0.039663461538461536 0.06009615384615385
5 0.6370192307692307 0.3449519230769231 0.03245192307692308 0.06490384615384616
5 0.6502403846153846 0.390625 0.03245192307692308 0.06370192307692307
5 0.5528846153846154 0.7427884615384616 0.03245192307692308 0.06370192307692307
5 0.4879807692307692 0.6923076923076923 0.03245192307692308 0.06370192307692307
11 0.4639423076923077 0.7560096153846154 0.039663461538461536 0.06009615384615385
11 0.5060096153846154 0.7776442307692307 0.039663461538461536 0.06009615384615385
11 0.5913461538461539 0.4050480769230769 0.039663461538461536 0.06009615384615385