4 0.43990384615384615 0.5108173076923077 0.06129807692307692 0.15745192307692307
7 0.21394230769230768 0.8100961538461539 0.09975961538461539 0.17668269230769232
14 0.7415865384615384 0.2980769230769231 0.07692307692307693 0.296875
7 0.6490384615384616 0.11057692307692307 0.10096153846153846 0.14423076923076922
7 0.30408653846153844 0.5925480769230769 0.09975961538461539 0.17668269230769232
5 0.5276442307692307 0.4423076923076923 0.038461538461538464 0.06370192307692307
6 0.5264423076923077 0.6165865384615384 0.057692307692307696 0.11057692307692307
5 0.5637019230769231 0.44471153846153844 0.038461538461538464 0.06370192307692307
5 0.5817307692307693 0.5 0.038461538461538464 0.06370192307692307
11 0.4362980769230769 0.7548076923076923 0.04326923076923077 0.0829326923076923
11 0.43509615384615385 0.6117788461538461 0.04326923076923077 0.0829326923076923
11 0.47115384615384615 0.6201923076923077 0.04326923076923077 0.0829326923076923
11 0.46634615384615385 0.7067307692307693 0.04326923076923077 0.0829326923076923
11 0.5192307692307693 0.7403846153846154 0.04326923076923077 0.0829326923076923
11 0.5600961538461539 0.7163461538461539 0.04326923076923077 0.0829326923076923
11 0.47836538461538464 0.8485576923076923 0.04567307692307692 0.03245192307692308
12 0.4735576923076923 0.7836538461538461 0.04447115384615385 0.10697115384615384