14 0.5012019230769231 0.43149038461538464 0.09495192307692307 0.27403846153846156
14 0.6730769230769231 0.671875 0.0673076923076923 0.27163461538461536
9 0.6887019230769231 0.4387019230769231 0.1502403846153846 0.20673076923076922
4 0.421875 0.5216346153846154 0.036057692307692304 0.056490384615384616
11 0.31971153846153844 0.4987980769230769 0.038461538461538464 0.054086538461538464
11 0.3016826923076923 0.5300480769230769 0.038461538461538464 0.054086538461538464
11 0.32091346153846156 0.5733173076923077 0.038461538461538464 0.054086538461538464
11 0.29447115384615385 0.6081730769230769 0.038461538461538464 0.054086538461538464
11 0.3293269230769231 0.6694711538461539 0.038461538461538464 0.054086538461538464
11 0.375 0.7608173076923077 0.038461538461538464 0.054086538461538464
11 0.41466346153846156 0.8004807692307693 0.038461538461538464 0.054086538461538464
11 0.4567307692307692 0.8329326923076923 0.038461538461538464 0.054086538461538464
11 0.40865384615384615 0.5661057692307693 0.038461538461538464 0.054086538461538464
11 0.4651442307692308 0.5588942307692307 0.038461538461538464 0.054086538461538464
11 0.38221153846153844 0.46875 0.038461538461538464 0.054086538461538464
12 0.3701923076923077 0.546875 0.038461538461538464 0.054086538461538464