7 0.4567307692307692 0.359375 0.10096153846153846 0.14543269230769232
14 0.8016826923076923 0.23076923076923078 0.11298076923076923 0.29086538461538464
4 0.421875 0.5072115384615384 0.042067307692307696 0.16346153846153846
5 0.5444711538461539 0.5576923076923077 0.03245192307692308 0.06490384615384616
5 0.5817307692307693 0.5709134615384616 0.03245192307692308 0.06490384615384616
9 0.9026442307692307 0.09975961538461539 0.08173076923076923 0.1141826923076923
11 0.3798076923076923 0.6598557692307693 0.03125 0.052884615384615384
11 0.3317307692307692 0.7307692307692307 0.03125 0.052884615384615384
11 0.38221153846153844 0.7175480769230769 0.03125 0.052884615384615384
11 0.39302884615384615 0.7704326923076923 0.03125 0.052884615384615384
11 0.41947115384615385 0.796875 0.03125 0.052884615384615384
11 0.30649038461538464 0.8485576923076923 0.03125 0.052884615384615384