7 0.25 0.5745192307692307 0.13822115384615385 0.17067307692307693
14 0.6826923076923077 0.3918269230769231 0.11298076923076923 0.29086538461538464
4 0.5180288461538461 0.7331730769230769 0.042067307692307696 0.16346153846153846
9 0.8100961538461539 0.22235576923076922 0.09134615384615384 0.13341346153846154
11 0.39903846153846156 0.5649038461538461 0.03365384615384615 0.06370192307692307
5 0.6394230769230769 0.2920673076923077 0.036057692307692304 0.06370192307692307
5 0.4519230769230769 0.5192307692307693 0.036057692307692304 0.06370192307692307
5 0.5817307692307693 0.3449519230769231 0.03485576923076923 0.0673076923076923
6 0.5420673076923077 0.4519230769230769 0.04567307692307692 0.09735576923076923
11 0.49038461538461536 0.5480769230769231 0.03365384615384615 0.06370192307692307
11 0.5793269230769231 0.5216346153846154 0.03365384615384615 0.06370192307692307
5 0.5264423076923077 0.5625 0.036057692307692304 0.06370192307692307
11 0.6346153846153846 0.5420673076923077 0.03365384615384615 0.06370192307692307
11 0.4110576923076923 0.6274038461538461 0.03365384615384615 0.06370192307692307
11 0.421875 0.6802884615384616 0.03365384615384615 0.06370192307692307
11 0.49759615384615385 0.6141826923076923 0.03365384615384615 0.06370192307692307
11 0.4855769230769231 0.6706730769230769 0.03365384615384615 0.06370192307692307