4 0.4639423076923077 0.5180288461538461 0.06129807692307692 0.15745192307692307
7 0.234375 0.7391826923076923 0.09975961538461539 0.17668269230769232
14 0.7103365384615384 0.48677884615384615 0.109375 0.3016826923076923
7 0.6081730769230769 0.21394230769230768 0.10096153846153846 0.14423076923076922
7 0.1622596153846154 0.9411057692307693 0.09014423076923077 0.11538461538461539
14 0.9254807692307693 0.1310096153846154 0.10697115384615384 0.15144230769230768
5 0.5264423076923077 0.4807692307692308 0.03485576923076923 0.06971153846153846
11 0.49759615384615385 0.6177884615384616 0.03485576923076923 0.06009615384615385
11 0.5048076923076923 0.6766826923076923 0.03485576923076923 0.06009615384615385
11 0.48677884615384615 0.7463942307692307 0.03485576923076923 0.06009615384615385
11 0.5180288461538461 0.7139423076923077 0.03485576923076923 0.06009615384615385
11 0.5204326923076923 0.7740384615384616 0.03485576923076923 0.06009615384615385
11 0.5432692307692307 0.8100961538461539 0.03485576923076923 0.06009615384615385