7 0.12860576923076922 0.9314903846153846 0.09615384615384616 0.12259615384615384
7 0.6141826923076923 0.1622596153846154 0.10096153846153846 0.14423076923076922
6 0.5528846153846154 0.5504807692307693 0.039663461538461536 0.10096153846153846
11 0.4963942307692308 0.5528846153846154 0.039663461538461536 0.06971153846153846
7 0.23076923076923078 0.6875 0.1141826923076923 0.19230769230769232
11 0.5024038461538461 0.6201923076923077 0.039663461538461536 0.06971153846153846
14 0.6911057692307693 0.41947115384615385 0.06129807692307692 0.2620192307692308
14 0.9134615384615384 0.10096153846153846 0.057692307692307696 0.11538461538461539
12 0.4879807692307692 0.7247596153846154 0.057692307692307696 0.1045673076923077
11 0.43990384615384615 0.8425480769230769 0.03125 0.04807692307692308
5 0.5913461538461539 0.4831730769230769 0.030048076923076924 0.0625
11 0.40024038461538464 0.8088942307692307 0.03125 0.04807692307692308
4 0.4579326923076923 0.390625 0.07692307692307693 0.16466346153846154