7 0.11778846153846154 0.7608173076923077 0.13942307692307693 0.10576923076923077
4 0.41947115384615385 0.4963942307692308 0.06490384615384616 0.17668269230769232
11 0.3329326923076923 0.7980769230769231 0.040865384615384616 0.07692307692307693
14 0.5985576923076923 0.5336538461538461 0.0985576923076923 0.3329326923076923
9 0.7668269230769231 0.32211538461538464 0.1045673076923077 0.19951923076923078
14 0.9747596153846154 0.13221153846153846 0.04927884615384615 0.12379807692307693
14 0.8377403846153846 0.04807692307692308 0.05889423076923077 0.06490384615384616
5 0.6598557692307693 0.3004807692307692 0.036057692307692304 0.09134615384615384
11 0.4807692307692308 0.6442307692307693 0.040865384615384616 0.07692307692307693
11 0.5444711538461539 0.6490384615384616 0.040865384615384616 0.07692307692307693
11 0.43028846153846156 0.7716346153846154 0.040865384615384616 0.07692307692307693