7 0.25 0.5745192307692307 0.13822115384615385 0.17067307692307693
14 0.6826923076923077 0.3918269230769231 0.11298076923076923 0.29086538461538464
4 0.44711538461538464 0.5432692307692307 0.042067307692307696 0.16346153846153846
9 0.8100961538461539 0.22235576923076922 0.09134615384615384 0.13341346153846154
11 0.39903846153846156 0.5649038461538461 0.03365384615384615 0.06370192307692307
5 0.7247596153846154 0.16105769230769232 0.036057692307692304 0.06370192307692307
5 0.6117788461538461 0.3786057692307692 0.036057692307692304 0.06370192307692307
5 0.5697115384615384 0.46274038461538464 0.036057692307692304 0.06370192307692307
5 0.5925480769230769 0.44471153846153844 0.036057692307692304 0.06370192307692307
6 0.6286057692307693 0.27524038461538464 0.04567307692307692 0.09735576923076923
11 0.49038461538461536 0.5480769230769231 0.03365384615384615 0.06370192307692307
11 0.5961538461538461 0.578125 0.03365384615384615 0.06370192307692307
11 0.49399038461538464 0.6117788461538461 0.03365384615384615 0.06370192307692307
11 0.453125 0.6370192307692307 0.03365384615384615 0.06370192307692307
11 0.42908653846153844 0.6682692307692307 0.03365384615384615 0.06370192307692307
11 0.39783653846153844 0.6646634615384616 0.03365384615384615 0.06370192307692307