9 0.5516826923076923 0.5048076923076923 0.16826923076923078 0.23557692307692307
4 0.3329326923076923 0.3557692307692308 0.05048076923076923 0.10576923076923077
11 0.2644230769230769 0.4254807692307692 0.046875 0.0673076923076923
11 0.1935096153846154 0.6105769230769231 0.046875 0.0673076923076923
11 0.18509615384615385 0.7487980769230769 0.046875 0.0673076923076923
11 0.11899038461538461 0.9278846153846154 0.046875 0.0673076923076923
11 0.3317307692307692 0.7884615384615384 0.046875 0.0673076923076923
11 0.2920673076923077 0.7992788461538461 0.046875 0.0673076923076923
11 0.25600961538461536 0.7199519230769231 0.046875 0.0673076923076923
11 0.30288461538461536 0.6850961538461539 0.046875 0.0673076923076923
11 0.26322115384615385 0.6021634615384616 0.046875 0.0673076923076923
11 0.30528846153846156 0.6165865384615384 0.046875 0.0673076923076923
11 0.265625 0.6610576923076923 0.046875 0.0673076923076923
11 0.3389423076923077 0.8545673076923077 0.046875 0.0673076923076923
12 0.3545673076923077 0.6105769230769231 0.051682692307692304 0.10817307692307693
11 0.4266826923076923 0.515625 0.046875 0.0673076923076923
11 0.3918269230769231 0.4891826923076923 0.046875 0.0673076923076923