4 0.43149038461538464 0.5012019230769231 0.06129807692307692 0.15745192307692307
7 0.09254807692307693 0.7079326923076923 0.14182692307692307 0.15865384615384615
7 0.4567307692307692 0.32211538461538464 0.078125 0.21394230769230768
5 0.5949519230769231 0.3894230769230769 0.038461538461538464 0.078125
11 0.40865384615384615 0.6454326923076923 0.04326923076923077 0.0829326923076923
5 0.5997596153846154 0.45072115384615385 0.038461538461538464 0.078125
11 0.46634615384615385 0.6694711538461539 0.04326923076923077 0.0829326923076923
11 0.4423076923076923 0.6310096153846154 0.04326923076923077 0.0829326923076923
11 0.4651442307692308 0.5841346153846154 0.04326923076923077 0.0829326923076923
11 0.4879807692307692 0.6394230769230769 0.04326923076923077 0.0829326923076923
11 0.5625 0.5396634615384616 0.04326923076923077 0.0829326923076923
11 0.5673076923076923 0.44350961538461536 0.04326923076923077 0.0829326923076923
14 0.8028846153846154 0.1141826923076923 0.09975961538461539 0.15745192307692307