7 0.05048076923076923 0.8677884615384616 0.0985576923076923 0.17668269230769232
14 0.5757211538461539 0.5973557692307693 0.109375 0.3016826923076923
7 0.5096153846153846 0.2800480769230769 0.10096153846153846 0.14423076923076922
14 0.8641826923076923 0.15264423076923078 0.13701923076923078 0.22596153846153846
5 0.4098557692307692 0.5612980769230769 0.03485576923076923 0.07091346153846154
11 0.35697115384615385 0.6574519230769231 0.03485576923076923 0.06009615384615385
11 0.3545673076923077 0.7271634615384616 0.03485576923076923 0.06009615384615385
11 0.3581730769230769 0.7836538461538461 0.026442307692307692 0.056490384615384616
5 0.4855769230769231 0.5012019230769231 0.03485576923076923 0.07091346153846154
6 0.6117788461538461 0.38100961538461536 0.039663461538461536 0.10096153846153846
4 0.31971153846153844 0.5973557692307693 0.06370192307692307 0.15384615384615385