9 0.5600961538461539 0.3233173076923077 0.13942307692307693 0.20432692307692307
4 0.34375 0.35216346153846156 0.018028846153846152 0.08774038461538461
5 0.46153846153846156 0.36899038461538464 0.04447115384615385 0.07211538461538461
11 0.4266826923076923 0.3233173076923077 0.03485576923076923 0.07451923076923077
11 0.2980769230769231 0.36899038461538464 0.03485576923076923 0.07451923076923077
11 0.0673076923076923 0.7776442307692307 0.03485576923076923 0.07451923076923077
11 0.16706730769230768 0.6730769230769231 0.03485576923076923 0.07451923076923077
11 0.29927884615384615 0.7463942307692307 0.03485576923076923 0.07451923076923077
11 0.3858173076923077 0.7247596153846154 0.03485576923076923 0.07451923076923077
11 0.4170673076923077 0.6394230769230769 0.03485576923076923 0.07451923076923077
11 0.35096153846153844 0.6189903846153846 0.03485576923076923 0.07451923076923077
11 0.3786057692307692 0.6081730769230769 0.03485576923076923 0.07451923076923077
11 0.38100961538461536 0.5540865384615384 0.03485576923076923 0.07451923076923077
11 0.21754807692307693 0.59375 0.03485576923076923 0.07451923076923077
11 0.24759615384615385 0.5661057692307693 0.03485576923076923 0.07451923076923077
11 0.27163461538461536 0.5300480769230769 0.03485576923076923 0.07451923076923077
11 0.3076923076923077 0.49399038461538464 0.03485576923076923 0.07451923076923077
11 0.34375 0.4723557692307692 0.03485576923076923 0.07451923076923077
11 0.34134615384615385 0.546875 0.03485576923076923 0.07451923076923077
11 0.3401442307692308 0.5456730769230769 0.03485576923076923 0.07451923076923077