4 0.24879807692307693 0.6694711538461539 0.06129807692307692 0.15745192307692307
7 0.1045673076923077 0.48677884615384615 0.14182692307692307 0.15865384615384615
7 0.34134615384615385 0.1778846153846154 0.078125 0.21394230769230768
11 0.22235576923076922 0.5168269230769231 0.04326923076923077 0.0829326923076923
5 0.4699519230769231 0.3004807692307692 0.030048076923076924 0.06610576923076923
5 0.46634615384615385 0.26322115384615385 0.030048076923076924 0.06610576923076923
5 0.36778846153846156 0.4519230769230769 0.038461538461538464 0.078125
5 0.34134615384615385 0.5396634615384616 0.038461538461538464 0.078125
11 0.3137019230769231 0.40024038461538464 0.04326923076923077 0.0829326923076923
11 0.3004807692307692 0.5612980769230769 0.04326923076923077 0.0829326923076923
11 0.2127403846153846 0.59375 0.04326923076923077 0.0829326923076923
14 0.6766826923076923 0.038461538461538464 0.046875 0.06490384615384616