9 0.48677884615384615 0.4807692307692308 0.08653846153846154 0.15384615384615385
9 0.7307692307692307 0.08413461538461539 0.0673076923076923 0.12980769230769232
14 0.7932692307692307 0.21875 0.046875 0.16706730769230768
14 0.6502403846153846 0.08413461538461539 0.046875 0.16706730769230768
4 0.4014423076923077 0.28365384615384615 0.05889423076923077 0.12139423076923077
11 0.25721153846153844 0.47596153846153844 0.04326923076923077 0.056490384615384616
11 0.24158653846153846 0.5300480769230769 0.04326923076923077 0.056490384615384616
11 0.2704326923076923 0.5396634615384616 0.04326923076923077 0.056490384615384616
11 0.38461538461538464 0.44471153846153844 0.04326923076923077 0.056490384615384616
11 0.265625 0.6057692307692307 0.04326923076923077 0.056490384615384616
11 0.28125 0.6538461538461539 0.04326923076923077 0.056490384615384616
11 0.2776442307692308 0.7127403846153846 0.04326923076923077 0.056490384615384616
11 0.4110576923076923 0.3713942307692308 0.04326923076923077 0.056490384615384616
11 0.4519230769230769 0.3425480769230769 0.04326923076923077 0.056490384615384616
11 0.4423076923076923 0.3870192307692308 0.04326923076923077 0.056490384615384616
12 0.33533653846153844 0.5673076923076923 0.055288461538461536 0.078125