4 0.45913461538461536 0.4387019230769231 0.06129807692307692 0.15745192307692307
7 0.3942307692307692 0.3858173076923077 0.21394230769230768 0.10216346153846154
7 0.6129807692307693 0.12860576923076922 0.06009615384615385 0.20432692307692307
11 0.5372596153846154 0.5048076923076923 0.03485576923076923 0.06850961538461539
11 0.1814903846153846 0.9014423076923077 0.04326923076923077 0.0829326923076923
5 0.703125 0.3401442307692308 0.03485576923076923 0.06370192307692307
5 0.7608173076923077 0.13822115384615385 0.030048076923076924 0.06610576923076923
5 0.7295673076923077 0.19591346153846154 0.030048076923076924 0.06610576923076923
5 0.6899038461538461 0.29086538461538464 0.030048076923076924 0.06610576923076923
11 0.6610576923076923 0.3401442307692308 0.040865384615384616 0.06971153846153846
11 0.2920673076923077 0.8016826923076923 0.04326923076923077 0.0829326923076923
11 0.3557692307692308 0.7151442307692307 0.04326923076923077 0.0829326923076923
11 0.45552884615384615 0.6286057692307693 0.04326923076923077 0.0829326923076923
11 0.5012019230769231 0.5492788461538461 0.04326923076923077 0.0829326923076923
11 0.5348557692307693 0.5240384615384616 0.040865384615384616 0.06971153846153846