12 0.35336538461538464 0.4495192307692308 0.046875 0.10336538461538461
4 0.4483173076923077 0.28846153846153844 0.036057692307692304 0.12139423076923077
9 0.5504807692307693 0.4963942307692308 0.13701923076923078 0.24639423076923078
11 0.24519230769230768 0.4735576923076923 0.04447115384615385 0.06490384615384616
11 0.23197115384615385 0.5456730769230769 0.04447115384615385 0.06490384615384616
11 0.234375 0.6009615384615384 0.04447115384615385 0.06490384615384616
11 0.3076923076923077 0.6237980769230769 0.04447115384615385 0.06490384615384616
11 0.29086538461538464 0.6742788461538461 0.04447115384615385 0.06490384615384616
11 0.2536057692307692 0.7235576923076923 0.04447115384615385 0.06490384615384616
11 0.28846153846153844 0.7367788461538461 0.04447115384615385 0.06490384615384616
11 0.28725961538461536 0.7956730769230769 0.04447115384615385 0.06490384615384616
11 0.3269230769230769 0.7896634615384616 0.04447115384615385 0.06490384615384616
11 0.32572115384615385 0.8425480769230769 0.04447115384615385 0.06490384615384616
11 0.39302884615384615 0.49158653846153844 0.04447115384615385 0.06490384615384616
11 0.4230769230769231 0.36658653846153844 0.04447115384615385 0.06490384615384616
11 0.39302884615384615 0.3713942307692308 0.04447115384615385 0.06490384615384616
11 0.38100961538461536 0.390625 0.04447115384615385 0.06490384615384616
5 0.43509615384615385 0.5661057692307693 0.028846153846153848 0.052884615384615384