7 0.2548076923076923 0.6310096153846154 0.13822115384615385 0.17067307692307693
14 0.6995192307692307 0.4579326923076923 0.11298076923076923 0.29086538461538464
4 0.421875 0.5120192307692307 0.042067307692307696 0.16346153846153846
9 0.8365384615384616 0.2608173076923077 0.09134615384615384 0.13341346153846154
11 0.4098557692307692 0.6334134615384616 0.036057692307692304 0.06850961538461539
11 0.4254807692307692 0.6887019230769231 0.036057692307692304 0.06850961538461539
11 0.4483173076923077 0.7536057692307693 0.036057692307692304 0.06850961538461539
11 0.5240384615384616 0.7403846153846154 0.036057692307692304 0.06850961538461539
11 0.5204326923076923 0.6778846153846154 0.036057692307692304 0.06850961538461539
6 0.5204326923076923 0.4831730769230769 0.06850961538461539 0.11778846153846154
5 0.5793269230769231 0.43149038461538464 0.026442307692307692 0.06490384615384616
5 0.609375 0.4182692307692308 0.03125 0.06009615384615385
5 0.6225961538461539 0.4579326923076923 0.02403846153846154 0.055288461538461536