4 0.390625 0.5588942307692307 0.06129807692307692 0.15745192307692307
7 0.21634615384615385 0.7920673076923077 0.09975961538461539 0.17668269230769232
14 0.7415865384615384 0.2980769230769231 0.07692307692307693 0.296875
11 0.46875 0.7908653846153846 0.04326923076923077 0.0829326923076923
7 0.6490384615384616 0.11057692307692307 0.10096153846153846 0.14423076923076922
7 0.3088942307692308 0.546875 0.09975961538461539 0.17668269230769232
5 0.5264423076923077 0.3786057692307692 0.038461538461538464 0.06370192307692307
6 0.5504807692307693 0.5024038461538461 0.036057692307692304 0.08173076923076923
5 0.5528846153846154 0.40024038461538464 0.038461538461538464 0.06370192307692307
5 0.59375 0.4206730769230769 0.038461538461538464 0.06370192307692307
5 0.5348557692307693 0.6069711538461539 0.038461538461538464 0.06370192307692307
5 0.5060096153846154 0.5793269230769231 0.038461538461538464 0.06370192307692307
11 0.49038461538461536 0.7367788461538461 0.04326923076923077 0.0829326923076923
11 0.46634615384615385 0.7007211538461539 0.04326923076923077 0.0829326923076923
11 0.4579326923076923 0.6382211538461539 0.04326923076923077 0.0829326923076923
11 0.49038461538461536 0.6514423076923077 0.04326923076923077 0.0829326923076923