7 0.24278846153846154 0.7043269230769231 0.0985576923076923 0.17668269230769232
14 0.7295673076923077 0.2704326923076923 0.109375 0.30288461538461536
7 0.6358173076923077 0.078125 0.10096153846153846 0.14423076923076922
6 0.6069711538461539 0.38221153846153844 0.039663461538461536 0.10096153846153846
11 0.4567307692307692 0.6622596153846154 0.039663461538461536 0.06971153846153846
5 0.6262019230769231 0.2644230769230769 0.03485576923076923 0.07211538461538461
7 0.3173076923076923 0.4807692307692308 0.0985576923076923 0.17668269230769232
7 0.6346153846153846 0.07692307692307693 0.10096153846153846 0.14423076923076922
5 0.6466346153846154 0.3112980769230769 0.03485576923076923 0.07211538461538461
11 0.3918269230769231 0.7920673076923077 0.039663461538461536 0.06971153846153846
11 0.5973557692307693 0.5084134615384616 0.039663461538461536 0.06971153846153846
11 0.5661057692307693 0.47836538461538464 0.039663461538461536 0.06971153846153846
5 0.5901442307692307 0.28725961538461536 0.03485576923076923 0.07211538461538461
4 0.4338942307692308 0.5036057692307693 0.06129807692307692 0.140625