7 0.3858173076923077 0.4411057692307692 0.13822115384615385 0.17067307692307693
14 0.7800480769230769 0.2668269230769231 0.11298076923076923 0.29086538461538464
4 0.42908653846153844 0.5192307692307693 0.042067307692307696 0.16346153846153846
9 0.8954326923076923 0.12740384615384615 0.09134615384615384 0.13341346153846154
6 0.5733173076923077 0.36658653846153844 0.05048076923076923 0.08653846153846154
11 0.5240384615384616 0.4254807692307692 0.03365384615384615 0.07932692307692307
11 0.5612980769230769 0.5204326923076923 0.028846153846153848 0.07932692307692307
11 0.6274038461538461 0.5192307692307693 0.038461538461538464 0.09615384615384616
5 0.6346153846153846 0.31490384615384615 0.03485576923076923 0.05889423076923077
5 0.6682692307692307 0.31850961538461536 0.028846153846153848 0.052884615384615384
5 0.6802884615384616 0.3713942307692308 0.026442307692307692 0.0625